   0.5000000    1.0000000    1.0000000    1.0000000    1.0000000    1.0000000    1.0000000    1.0000000    1.0000000    1.0000000    1.0000000    1.0000000    1.0000000    1.0000000    1.0000000    1.0000000    1.0000000    1.0000000    1.0000000    1.0000000    1.0000000    1.0000000    1.0000000    1.0000000    1.0000000    1.0000000    1.0000000    1.0000000    1.0000000    1.0000000
   0.0000000    0.5000000    0.6976589    0.7906357    0.8415668    0.8729983    0.8941878    0.9094349    0.9209613    0.9300204    0.9373708    0.9434990    0.9487314    0.9532958    0.9573561    0.9610336    0.9644196    0.9675846    0.9705830    0.9734576    0.9762420    0.9789622    0.9816384    0.9842861    0.9869164    0.9895373    0.9921539    0.9947692    0.9973845    1.0000000
   0.0000000    0.3023411    0.5000000    0.6233172    0.7026332    0.7562390    0.7943183    0.8225908    0.8443906    0.8617503    0.8759652    0.8878953    0.8981327    0.9070978    0.9150975    0.9223612    0.9290634    0.9353389    0.9412931    0.9470089    0.9525514    0.9579714    0.9633085    0.9685923    0.9738448    0.9790810    0.9843108    0.9895394    0.9947692    1.0000000
   0.0000000    0.2093643    0.3766828    0.5000000    0.5894099    0.6550065    0.7042560    0.7422204    0.7722614    0.7966267    0.8168465    0.8339873    0.8488098    0.8618693    0.8735798    0.8842557    0.8941395    0.9034206    0.9122481    0.9207401    0.9289897    0.9370701    0.9450378    0.9529355    0.9607942    0.9686353    0.9764719    0.9843108    0.9921539    1.0000000
   0.0000000    0.1584332    0.2973668    0.4105901    0.5000000    0.5701215    0.6254796    0.6697744    0.7058098    0.7356509    0.7608102    0.7824018    0.8012549    0.8179957    0.8331034    0.8469498    0.8598266    0.8719647    0.8835481    0.8947232    0.9056069    0.9162907    0.9268459    0.9373256    0.9477684    0.9581999    0.9686353    0.9790810    0.9895373    1.0000000
   0.0000000    0.1270017    0.2437610    0.3449935    0.4298785    0.5000000    0.5577671    0.6055893    0.6455544    0.6793597    0.7083457    0.7335596    0.7558184    0.7757625    0.7938969    0.8106232    0.8262630    0.8410751    0.8552680    0.8690101    0.8824359    0.8956520    0.9087405    0.9217631    0.9347630    0.9477684    0.9607942    0.9738448    0.9869164    1.0000000
   0.0000000    0.1058122    0.2056817    0.2957440    0.3745204    0.4422329    0.5000000    0.5492623    0.5914607    0.6278907    0.6596575    0.6876781    0.7127038    0.7353474    0.7561083    0.7753944    0.7935397    0.8108178    0.8274529    0.8436276    0.8594893    0.8751549    0.8907147    0.9062354    0.9217631    0.9373256    0.9529355    0.9685923    0.9842861    1.0000000
   0.0000000    0.0905651    0.1774092    0.2577796    0.3302256    0.3944107    0.4507377    0.5000000    0.5431369    0.5810880    0.6147197    0.6447971    0.6719787    0.6968240    0.7198052    0.7413187    0.7616971    0.7812183    0.8001138    0.8185743    0.8367550    0.8547795    0.8727430    0.8907147    0.9087405    0.9268459    0.9450378    0.9633085    0.9816384    1.0000000
   0.0000000    0.0790387    0.1556094    0.2277386    0.2941902    0.3544456    0.4085393    0.4568631    0.5000000    0.5386067    0.5733401    0.6048173    0.6335970    0.6601741    0.6849807    0.7083908    0.7307260    0.7522605    0.7732265    0.7938180    0.8141943    0.8344824    0.8547795    0.8751549    0.8956520    0.9162907    0.9370701    0.9579714    0.9789622    1.0000000
   0.0000000    0.0699796    0.1382497    0.2033733    0.2643491    0.3206403    0.3721093    0.4189120    0.4613933    0.5000000    0.5352195    0.5675396    0.5974246    0.6253034    0.6515635    0.6765508    0.7005701    0.7238871    0.7467308    0.7692950    0.7917400    0.8141943    0.8367550    0.8594893    0.8824359    0.9056069    0.9289897    0.9525514    0.9762420    1.0000000
   0.0000000    0.0626292    0.1240348    0.1831535    0.2391898    0.2916543    0.3403425    0.3852803    0.4266599    0.4647805    0.5000000    0.5327005    0.5632642    0.5920590    0.6194291    0.6456909    0.6711305    0.6960029    0.7205318    0.7449090    0.7692950    0.7938180    0.8185743    0.8436276    0.8690101    0.8947232    0.9207401    0.9470089    0.9734576    1.0000000
   0.0000000    0.0565010    0.1121047    0.1660127    0.2175982    0.2664404    0.3123219    0.3552029    0.3951827    0.4324604    0.4672995    0.5000000    0.5308769    0.5602457    0.5884117    0.6156642    0.6422713    0.6684773    0.6945007    0.7205318    0.7467308    0.7732265    0.8001138    0.8274529    0.8552680    0.8835481    0.9122481    0.9412931    0.9705830    1.0000000
   0.0000000    0.0512686    0.1018673    0.1511902    0.1987451    0.2441816    0.2872962    0.3280213    0.3664030    0.4025754    0.4367358    0.4691231    0.5000000    0.5296396    0.5583150    0.5862923    0.6138247    0.6411480    0.6684773    0.6960029    0.7238871    0.7522605    0.7812183    0.8108178    0.8410751    0.8719647    0.9034206    0.9353389    0.9675846    1.0000000
   0.0000000    0.0467042    0.0929022    0.1381307    0.1820043    0.2242375    0.2646526    0.3031760    0.3398259    0.3746966    0.4079410    0.4397543    0.4703604    0.5000000    0.5289213    0.5573728    0.5855969    0.6138247    0.6422713    0.6711305    0.7005701    0.7307260    0.7616971    0.7935397    0.8262630    0.8598266    0.8941395    0.9290634    0.9644196    1.0000000
   0.0000000    0.0426439    0.0849025    0.1264202    0.1668966    0.2061031    0.2438917    0.2801948    0.3150193    0.3484365    0.3805709    0.4115883    0.4416850    0.4710787    0.5000000    0.5286858    0.5573728    0.5862923    0.6156642    0.6456909    0.6765508    0.7083908    0.7413187    0.7753944    0.8106232    0.8469498    0.8842557    0.9223612    0.9610336    1.0000000
   0.0000000    0.0389664    0.0776388    0.1157443    0.1530502    0.1893768    0.2246056    0.2586813    0.2916092    0.3234492    0.3543091    0.3843358    0.4137077    0.4426272    0.4713142    0.5000000    0.5289213    0.5583150    0.5884117    0.6194291    0.6515635    0.6849807    0.7198052    0.7561083    0.7938969    0.8331034    0.8735798    0.9150975    0.9573561    1.0000000
   0.0000000    0.0355804    0.0709366    0.1058605    0.1401734    0.1737370    0.2064603    0.2383029    0.2692740    0.2994299    0.3288695    0.3577287    0.3861753    0.4144031    0.4426272    0.4710787    0.5000000    0.5296396    0.5602457    0.5920590    0.6253034    0.6601741    0.6968240    0.7353474    0.7757625    0.8179957    0.8618693    0.9070978    0.9532958    1.0000000
   0.0000000    0.0324154    0.0646611    0.0965794    0.1280353    0.1589249    0.1891822    0.2187817    0.2477395    0.2761129    0.3039971    0.3315227    0.3588520    0.3861753    0.4137077    0.4416850    0.4703604    0.5000000    0.5308769    0.5632642    0.5974246    0.6335970    0.6719787    0.7127038    0.7558184    0.8012549    0.8488098    0.8981327    0.9487314    1.0000000
   0.0000000    0.0294170    0.0587069    0.0877519    0.1164519    0.1447320    0.1725471    0.1998862    0.2267735    0.2532692    0.2794682    0.3054993    0.3315227    0.3577287    0.3843358    0.4115883    0.4397543    0.4691231    0.5000000    0.5327005    0.5675396    0.6048173    0.6447971    0.6876781    0.7335596    0.7824018    0.8339873    0.8878953    0.9434990    1.0000000
   0.0000000    0.0265424    0.0529911    0.0792599    0.1052768    0.1309899    0.1563724    0.1814257    0.2061820    0.2307050    0.2550910    0.2794682    0.3039971    0.3288695    0.3543091    0.3805709    0.4079410    0.4367358    0.4672995    0.5000000    0.5352195    0.5733401    0.6147197    0.6596575    0.7083457    0.7608102    0.8168465    0.8759652    0.9373708    1.0000000
   0.0000000    0.0237580    0.0474486    0.0710103    0.0943931    0.1175641    0.1405107    0.1632450    0.1858057    0.2082600    0.2307050    0.2532692    0.2761129    0.2994299    0.3234492    0.3484365    0.3746966    0.4025754    0.4324604    0.4647805    0.5000000    0.5386067    0.5810880    0.6278907    0.6793597    0.7356509    0.7966267    0.8617503    0.9300204    1.0000000
   0.0000000    0.0210378    0.0420286    0.0629299    0.0837093    0.1043480    0.1248451    0.1452205    0.1655176    0.1858057    0.2061820    0.2267735    0.2477395    0.2692740    0.2916092    0.3150193    0.3398259    0.3664030    0.3951827    0.4266599    0.4613933    0.5000000    0.5431369    0.5914607    0.6455544    0.7058098    0.7722614    0.8443906    0.9209613    1.0000000
   0.0000000    0.0183616    0.0366915    0.0549622    0.0731541    0.0912595    0.1092853    0.1272570    0.1452205    0.1632450    0.1814257    0.1998862    0.2187817    0.2383029    0.2586813    0.2801948    0.3031760    0.3280213    0.3552029    0.3852803    0.4189120    0.4568631    0.5000000    0.5492623    0.6055893    0.6697744    0.7422204    0.8225908    0.9094349    1.0000000
   0.0000000    0.0157139    0.0314077    0.0470645    0.0626744    0.0782369    0.0937646    0.1092853    0.1248451    0.1405107    0.1563724    0.1725471    0.1891822    0.2064603    0.2246056    0.2438917    0.2646526    0.2872962    0.3123219    0.3403425    0.3721093    0.4085393    0.4507377    0.5000000    0.5577671    0.6254796    0.7042560    0.7943183    0.8941878    1.0000000
   0.0000000    0.0130836    0.0261552    0.0392058    0.0522316    0.0652370    0.0782369    0.0912595    0.1043480    0.1175641    0.1309899    0.1447320    0.1589249    0.1737370    0.1893768    0.2061031    0.2242375    0.2441816    0.2664404    0.2916543    0.3206403    0.3544456    0.3944107    0.4422329    0.5000000    0.5701215    0.6550065    0.7562390    0.8729983    1.0000000
   0.0000000    0.0104627    0.0209190    0.0313647    0.0418001    0.0522316    0.0626744    0.0731541    0.0837093    0.0943931    0.1052768    0.1164519    0.1280353    0.1401734    0.1530502    0.1668966    0.1820043    0.1987451    0.2175982    0.2391898    0.2643491    0.2941902    0.3302256    0.3745204    0.4298785    0.5000000    0.5894099    0.7026332    0.8415668    1.0000000
   0.0000000    0.0078461    0.0156892    0.0235281    0.0313647    0.0392058    0.0470645    0.0549622    0.0629299    0.0710103    0.0792599    0.0877519    0.0965794    0.1058605    0.1157443    0.1264202    0.1381307    0.1511902    0.1660127    0.1831535    0.2033733    0.2277386    0.2577796    0.2957440    0.3449935    0.4105901    0.5000000    0.6233172    0.7906357    1.0000000
   0.0000000    0.0052308    0.0104606    0.0156892    0.0209190    0.0261552    0.0314077    0.0366915    0.0420286    0.0474486    0.0529911    0.0587069    0.0646611    0.0709366    0.0776388    0.0849025    0.0929022    0.1018673    0.1121047    0.1240348    0.1382497    0.1556094    0.1774092    0.2056817    0.2437610    0.2973668    0.3766828    0.5000000    0.6976589    1.0000000
   0.0000000    0.0026155    0.0052308    0.0078461    0.0104627    0.0130836    0.0157139    0.0183616    0.0210378    0.0237580    0.0265424    0.0294170    0.0324154    0.0355804    0.0389664    0.0426439    0.0467042    0.0512686    0.0565010    0.0626292    0.0699796    0.0790387    0.0905651    0.1058122    0.1270017    0.1584332    0.2093643    0.3023411    0.5000000    1.0000000
   0.0000000    0.0000000    0.0000000    0.0000000    0.0000000    0.0000000    0.0000000    0.0000000    0.0000000    0.0000000    0.0000000    0.0000000    0.0000000    0.0000000    0.0000000    0.0000000    0.0000000    0.0000000    0.0000000    0.0000000    0.0000000    0.0000000    0.0000000    0.0000000    0.0000000    0.0000000    0.0000000    0.0000000    0.0000000    0.5000000
